,0,1,2,3,4,5,6,7,8,9,10,11,12,13,14,15,16,17,18,19
ilAbrTril1_SOM,0.292018654230513,0.103237841439041,0.0563517654896735,0.0483197868087941,0.0754963357761492,0.00340839440373085,0.011601598934044,0.173585609593604,0.139984676882079,0.0253964023984011,0.000579613590939374,0.000267155229846769,0.0681938707528314,8.72751499000666e-05,4.06395736175883e-05,6.46235842771486e-05,0.000163224516988674,0.000118587608261159,0.00107928047968021,4.66355762824783e-06
ilAbrTrip1_SOM,0.0510787191460974,0.199591060707138,0.456973315543696,0.00706470980653769,0.0131827885256838,0.0565243495663776,0.112951967978652,0.0114989993328886,0.0877645096731154,0.000625083388925951,0.000497665110073382,0.000885923949299533,0.000134089392928619,7.87191460973983e-05,7.93862575050033e-05,4.26951300867245e-05,0.000221480987324883,4.33622414943296e-05,0.000729819879919947,3.13542361574383e-05
ilAceEphe1_SOM,0.295234312416555,0.0605967957276368,0.058020694259012,0.06093391188251,0.0402556742323097,0.0025347129506008,0.00311348464619493,0.205989986648865,0.255192923898531,0.00403404539385848,0.000477303070761015,0.000462616822429907,0.00427770360480641,0.00713818424566088,0.000136181575433912,6.54205607476635e-05,5.87449933244326e-05,0.00139986648865154,6.1415220293725e-05,1.60213618157543e-05
ilAchFlav2_SOM,0.105344990548204,0.30129584120983,0.243887996219282,0.040069943289225,0.0327358223062382,0.00356049149338374,0.0349206049149338,0.0925047258979206,0.0909650283553875,0.00601937618147448,0.00113232514177694,0.000637996219281664,0.0456852551984877,0.000189035916824197,0.00010538752362949,0.000111058601134215,0.000477315689981096,0.000226843100189036,9.68809073724008e-05,3.30812854442344e-05
ilAclCris2_SOM,0.190518791946309,0.223136912751678,0.0984409395973154,0.201012080536913,0.0229590604026846,0.0051489932885906,0.0753208053691275,0.119689261744966,0.0160134228187919,0.00661677852348993,0.00213825503355705,0.00126778523489933,0.0363610738255034,0.000125503355704698,8.18791946308725e-05,8.52348993288591e-05,0.000240268456375839,6.44295302013423e-05,0.000573825503355705,0.000204697986577181
ilAclEmar1_SOM,0.233837675350701,0.155146960587842,0.303048764195057,0.112699398797595,0.0318390113560454,0.00855243820975284,0.111194388777555,0.0362885771543086,0.00242217768871075,0.00192317969271877,0.000287909151636607,0.000297929191716767,0.00220975283901136,4.34201736806947e-05,1.87040748162993e-05,2.47160988643955e-05,4.87641950567802e-05,7.88243152972612e-05,1.26920507682031e-05,2.47160988643955e-05
ilAclLite1_SOM,0.260134178905207,0.336681575433912,0.201949933244326,0.0284739652870494,0.0327356475300401,0.00649666221628838,0.0345233644859813,0.00743257676902537,0.0544058744993324,0.00326702269692924,0.00480574098798398,0.0244392523364486,0.000375834445927904,0.00117156208277704,4.67289719626168e-05,1.20160213618158e-05,0.00039652870493992,1.33511348464619e-05,0.00262550066755674,1.26835781041389e-05
ilAclSpar1_SOM,0.0913433333333333,0.365740666666667,0.288248,0.0315486666666667,0.025986,0.00652733333333333,0.023274,0.0672206666666667,0.086744,0.000999333333333333,0.00701133333333333,0.00120133333333333,0.00170133333333333,0.000109333333333333,3.46666666666667e-05,3.66666666666667e-05,9.8e-05,0.00181733333333333,5.4e-05,0.000304
ilAcrAcer1_SOM,0.368702057067021,0.137225613802256,0.312050431320504,0.0366078301260783,0.00969409422694094,0.00362707365627074,0.0319449236894492,0.0166091572660916,0.00291041804910418,0.001271400132714,0.000917053749170537,0.00365295288652953,0.0731512939615129,9.88719309887193e-05,0.000243530192435302,2.45520902455209e-05,0.0011227604512276,3.3178500331785e-05,0.000101526211015262,1.12806901128069e-05
ilAcrLepo1_SOM,0.203802535023349,0.188420280186791,0.384759839893262,0.112451634422949,0.077368245496998,0.00240160106737825,0.00345496997998666,0.0080787191460974,0.0056577718478986,0.00590460306871248,0.000849232821881254,0.00401601067378252,0.00115943962641761,8.47231487658439e-05,0.00143295530353569,7.87191460973983e-05,3.33555703802535e-05,2.80186791194129e-05,8.00533689126084e-06,9.33955970647098e-06
ilAcrPsix1_SOM,0.121208250166334,0.31273253493014,0.214560212907518,0.102590153027279,0.113964071856287,0.00166600133067199,0.00632335329341317,0.0149580838323353,0.0175222887558217,0.0735721889554225,0.0169461077844311,0.000604125083166999,0.00230073186959414,0.000147704590818363,0.000115103127079175,5.25615435795076e-05,0.000206254158349967,0.000248170326014637,0.000165668662674651,0.00011643379906853
ilAcrSuav1_SOM,0.0678158458244111,0.168506959314775,0.227277301927195,0.0369769807280514,0.167905781584582,0.0203731263383298,0.00382655246252677,0.0317564239828694,0.19269539614561,0.0623517130620985,0.000310492505353319,0.0176809421841542,0.00142505353319058,5.6745182012848e-05,0.00065203426124197,6.20985010706638e-05,0.000191648822269807,5.19271948608137e-05,3.58672376873662e-05,4.71092077087794e-05
ilAglIoxx1_SOM,0.168912,0.174418666666667,0.333236666666667,0.163486,0.09335,0.00920133333333333,0.019196,0.0236373333333333,0.00320733333333333,0.00862266666666667,0.000216,0.000324,0.001586,7.73333333333333e-05,0.00012,0.000129333333333333,6.66666666666667e-05,0.000184,2.6e-05,2.66666666666667e-06
ilAglUrti1_SOM,0.0300525265957447,0.113555186170213,0.662598404255319,0.017655585106383,0.0205099734042553,0.00230452127659574,0.00183045212765957,0.100990026595745,0.00427460106382979,0.0310731382978723,0.000783909574468085,0.000318484042553192,0.00101529255319149,0.00692353723404255,1.26329787234043e-05,0.000376994680851064,0.00538364361702128,1.9281914893617e-05,6.58244680851064e-05,0.000255984042553192
ilAgoAren1_SOM,0.291620927318296,0.148649122807018,0.116706140350877,0.0547080200501253,0.0218320802005013,0.00191604010025063,0.0133721804511278,0.15062030075188,0.177684210526316,0.00525187969924812,0.00124749373433584,0.0134053884711779,0.000407268170426065,0.000295112781954887,0.000736842105263158,3.32080200501253e-05,0.000174812030075188,6.265664160401e-06,0.000401002506265664,0.000931704260651629
ilAgoSubp1_SOM,0.102842128216311,0.575723942433493,0.110075447012647,0.0704548626253816,0.0308456170955081,0.00387832533798517,0.0834866986480593,0.0132638464893153,0.00465983427823812,0.00244003488879198,0.000311382468382032,0.000509376362843437,0.000419101613606629,4.84081988661143e-05,0.000445268207588312,2.57304840819887e-05,0.000460968163977322,3.6197121674662e-05,1.52638464893153e-05,5.75665067597034e-05
ilAgrAura1_SOM,0.0682943112364833,0.204219087917254,0.208157968970381,0.217728725905031,0.013238834038552,0.00996614950634697,0.0531734837799718,0.0508486130700517,0.0438796426892337,0.12586929948284,0.000296661965209215,0.00280912082745651,0.000503055947343677,0.000239304184297132,8.41560883874001e-05,0.000123178185237424,5.45369064409967e-05,0.000464033850493653,4.70145745181006e-05,2.82087447108604e-06
ilAgrCirc1_SOM,0.101454,0.215919333333333,0.215130666666667,0.184634,0.0954766666666667,0.006436,0.0195373333333333,0.107212,0.00885533333333333,0.040956,0.000334,0.00196133333333333,0.000677333333333333,6.13333333333333e-05,0.000168666666666667,0.000260666666666667,0.000580666666666667,6.46666666666667e-05,0.000252666666666667,2.73333333333333e-05
ilAgrGeni1_SOM,0.14373691186216,0.303951623591783,0.00450099403578529,0.0102306163021869,0.0087375745526839,0.00644400265076209,0.0075142478462558,0.00170576540755467,0.00246056991385023,0.00145526838966203,0.505116633532141,0.000752153744201458,0.00187740225314778,9.01259111994698e-05,5.89794565937707e-05,2.78330019880716e-05,0.000113320079522863,0.000371769383697813,0.000846255798542081,7.95228628230616e-06
ilAgrLota1_SOM,0.0890983935742972,0.195387550200803,0.263566265060241,0.0232791164658635,0.0314036144578313,0.0778186077643909,0.0112617135207497,0.0217764390896921,0.00710174029451138,0.00267402945113788,0.000382195448460509,0.272457831325301,0.000458500669344043,0.000674029451137885,0.000260374832663989,1.67336010709505e-05,0.00215796519410977,0.000106425702811245,9.17001338688086e-05,2.67737617135207e-05
ilAgrMaci1_SOM,0.0859307128580946,0.418848101265823,0.102462358427715,0.00849033977348434,0.0617788141239174,0.0148827448367755,0.0450606262491672,0.214343104596935,0.0454503664223851,0.000938041305796136,0.000239173884077282,0.000865423051299134,0.000144570286475683,0.000169886742171885,0.000108594270486342,9.12724850099933e-05,5.52964690206529e-05,4.53031312458361e-05,3.53097934710193e-05,5.99600266489007e-05
ilAgrMarg1_SOM,0.0352121414276184,0.269891927951968,0.02052368245497,0.26340960640427,0.0401440960640427,0.00724349566377585,0.0363268845897265,0.109298198799199,0.0378278852568379,0.00137224816544363,0.000701801200800534,0.176166777851901,0.000375583722481654,0.000981987991994663,0.000110740493662442,0.000100733822548366,5.87058038692462e-05,5.7371581054036e-05,9.60640426951301e-05,0.00010006671114076
ilAgrTris1_SOM,0.0776592122830441,0.463201935914553,0.0947773698264352,0.029923564753004,0.144149198931909,0.065043391188251,0.0533414552736983,0.0643117489986649,0.00474732977303071,0.000326435246995995,0.000231642189586115,0.00194025367156208,0.000136181575433912,2.60347129506008e-05,2.0694259012016e-05,2.63684913217624e-05,2.63684913217624e-05,4.97329773030708e-05,2.20293724966622e-05,3.90520694259012e-05
ilAlcRepa2_SOM,0.166020053475936,0.280149064171123,0.00451470588235294,0.00630080213903743,0.00589973262032086,0.00550133689839572,0.00688836898395722,0.000953208556149733,0.00198863636363636,0.00344117647058824,0.513879679144385,0.00129879679144385,0.00196791443850267,8.28877005347594e-05,1.7379679144385e-05,1.60427807486631e-05,0.000343582887700535,0.000550802139037433,0.000173128342245989,1.27005347593583e-05
ilAllOxya1_SOM,0.145285939139559,0.15339611752361,0.308278593913956,0.0645582371458552,0.0212780692549843,0.00382738719832109,0.0181143756558237,0.0728347324239245,0.0347014690451207,0.175815320041973,0.000198321091290661,0.000793284365162644,0.000242392444910808,0.000489506820566632,3.83001049317943e-05,3.30535152151102e-05,3.77754459601259e-05,8.39454354669465e-06,4.72193074501574e-05,2.1511017838405e-05
ilAlsAesc1_SOM,0.134864245810056,0.466291620111732,0.119035754189944,0.0962743016759777,0.0551156424581006,0.0025,0.0681351955307263,0.0108536312849162,0.0304882681564246,0.00260614525139665,0.000431284916201117,0.000184916201117318,0.000544134078212291,0.000401117318435754,3.96648044692737e-05,0.00220167597765363,0.000218994413407821,0.00970335195530726,1.22905027932961e-05,9.77653631284916e-05
ilAmpBerb1_SOM,0.0679633333333333,0.262620666666667,0.244316,0.0353066666666667,0.0218533333333333,0.007744,0.303801333333333,0.0242326666666667,0.0244206666666667,0.005018,0.000484666666666667,0.000654,0.000629333333333333,0.000107333333333333,2.33333333333333e-05,6e-05,0.000551333333333333,0.000153333333333333,5.4e-05,6e-06
ilAmpLuce6_SOM,0.0462234273318872,0.33377169197397,0.196699566160521,0.0529240780911063,0.102629067245119,0.0616090021691974,0.0409441431670282,0.0260140997830803,0.00532754880694143,0.0926090021691974,0.000258134490238612,0.0391681127982646,0.00137527114967462,7.80911062906725e-05,0.000139913232104121,6.23644251626898e-05,5.63991323210412e-05,6.45336225596529e-05,3.9587852494577e-05,5.96529284164859e-06
ilAmpOcul1_SOM,0.0627054329371817,0.525507215619694,0.140215619694397,0.0596324278438031,0.0366048387096774,0.0107529711375212,0.0604584040747029,0.00891808149405772,0.00591808149405772,0.0652682512733447,0.000191850594227504,0.0129015280135823,0.00965662139219015,0.000407470288624788,0.000117996604414261,0.000101867572156197,0.000269524617996604,3.60780984719864e-05,4.83870967741935e-05,0.000287351443123939
ilAmpTrag2_SOM,0.0564970019986676,0.33525016655563,0.194826115922718,0.0232954696868754,0.165196202531646,0.0263970686209194,0.168916389073951,0.0131875416389074,0.00216489007328448,0.00198201199200533,0.000240506329113924,0.00813391072618255,9.72684876748834e-05,3.03131245836109e-05,6.79546968687542e-05,1.86542305129913e-05,9.79347101932045e-05,0.00350966022651566,6.9620253164557e-05,2.13191205862758e-05
ilAnaInnx2_SOM,0.157948666666667,0.209672,0.188082666666667,0.102869333333333,0.077514,0.00278133333333333,0.00555733333333333,0.00794733333333333,0.00864133333333333,0.235365333333333,0.000379333333333333,0.00110266666666667,0.000994666666666667,5.53333333333333e-05,0.000346666666666667,0.000263333333333333,0.000304,0.000124,4.06666666666667e-05,1e-05
ilAnoMund1_SOM,0.0913850595452905,0.482186936124143,0.121035727174305,0.0937199566943342,0.0929003969686034,0.0295171418260556,0.0549960303139661,0.0206459761818838,0.00215445687477445,0.000861060988812703,0.000224828581739444,0.00568495128112595,0.000669794298087333,0.000201371346084446,7.36196319018405e-05,5.08841573439192e-05,0.00326705160591844,7.97546012269939e-05,0.00022807650667629,0.000116925297726453
ilAntCard3_SOM,0.0470359251968504,0.241253937007874,0.405739173228346,0.0281702755905512,0.0939768700787402,0.00369094488188976,0.00483562992125984,0.146197834645669,0.0228607283464567,0.000363188976377953,0.000571358267716535,0.000426673228346457,0.000376476377952756,0.0041136811023622,7.8740157480315e-06,4.47834645669291e-05,0.000156988188976378,0.000113681102362205,5.41338582677165e-05,9.84251968503937e-06
ilAntChix2_SOM,0.190634308510638,0.22883045212766,0.141324468085106,0.0121476063829787,0.220765292553191,0.00956183510638298,0.0128477393617021,0.125632978723404,0.00881515957446809,0.000453457446808511,0.000684175531914894,0.0448517287234043,0.000170212765957447,0.000254654255319149,2.72606382978723e-05,0.000142952127659574,0.000851728723404255,0.000100398936170213,0.000700132978723404,0.00120345744680851
ilApaEpom1_SOM,0.176982707509881,0.168440711462451,0.340862648221344,0.0217302371541502,0.0436867588932806,0.00404792490118577,0.0402677865612648,0.0430647233201581,0.145684288537549,0.000675889328063241,0.00136017786561265,0.0125583003952569,0.000243577075098814,4.29841897233202e-05,7.41106719367589e-06,3.50790513833992e-05,6.86758893280632e-05,0.000116106719367589,4.29841897233202e-05,8.10276679841897e-05
ilApaMono1_SOM,0.284507651363939,0.174407185628743,0.44575249500998,0.0250179640718563,0.0128443113772455,0.00371723220226214,0.0246753160345975,0.00344311377245509,0.00323885562208916,0.00603393213572854,0.00157551563539588,0.000173652694610778,0.00401596806387226,0.000579507651363939,9.98003992015968e-06,0.000331337325349301,0.000743180306054558,8.64936793080506e-06,9.84697272122422e-05,0.00882568196939454
ilApaSord1_SOM,0.161626746506986,0.160559547571524,0.287141716566866,0.0575595475715236,0.0556786427145709,0.0042022621423819,0.0966839654025283,0.0468043912175649,0.110296074517631,0.0113313373253493,0.000560212907518297,0.00585429141716567,0.000859614105123087,9.58083832335329e-05,2.39520958083832e-05,0.000154357950765136,0.000357950765136394,0.000111111111111111,3.85894876912841e-05,5.98802395209581e-05
ilApeSyri1_SOM,0.0964492291334397,0.201711323763955,0.347531632110579,0.0397575757575758,0.0599261031366295,0.006528442317916,0.110276448697501,0.0249245082402977,0.110497076023392,0.000841041998936736,0.000455608718766613,0.000206804891015417,0.000220095693779904,0.000376927166400851,5.103668261563e-05,5.52897395002658e-05,3.34928229665072e-05,5.31632110579479e-05,5.58213716108453e-05,4.83785220627326e-05
ilAplEffo1_SOM,0.221378432685867,0.0478834561286001,0.369290689886135,0.0323201607501674,0.0164058941728064,0.0012906898861353,0.00232752846617549,0.270640321500335,0.035748158070998,0.00108506363027461,0.000198258539852646,0.000665773610180844,0.000215003348961822,0.000128600133958473,5.62625586068319e-05,0.00010649698593436,6.09511051574012e-05,2.67916945746818e-05,0.000151373074346952,2.00937709310114e-05
ilApoBetu1_SOM,0.0598965977318212,0.531390593729153,0.175439626417612,0.0229789859906604,0.0547068045363576,0.00518879252835223,0.107387258172115,0.0360630420280187,0.00134923282188125,0.00397865243495664,0.00035256837891928,0.000713475650433622,0.000354569713142095,2.06804536357572e-05,3.33555703802535e-06,1.53435623749166e-05,5.50366911274183e-05,1.9346230820547e-05,2.00133422281521e-06,8.40560373582388e-05
ilApoBist1_SOM,0.115593854375417,0.179595858383434,0.195106880427522,0.143225116900468,0.183204408817635,0.00695190380761523,0.00424716098864395,0.099124916499666,0.0694295257181029,0.00136005344021376,0.000406813627254509,0.000849031396125584,0.000322645290581162,9.4188376753507e-05,0.000112892451569806,1.67000668002672e-05,3.07281229124916e-05,1.73680694722779e-05,0.000291917167668671,1.80360721442886e-05
ilApoCapr1_SOM,0.154073211314476,0.491675873544093,0.10980465890183,0.0221118136439268,0.129753078202995,0.00844425956738769,0.0432975041597338,0.0193161397670549,0.00411414309484193,0.0017198003327787,0.00550782029950083,0.00868386023294509,0.0012216306156406,4.82529118136439e-05,4.65890183028286e-05,1.5973377703827e-05,5.72379367720466e-05,2.79534109816972e-05,1.43094841930116e-05,6.58901830282862e-05
ilApoCrat1_SOM,0.206914495657983,0.101830995323981,0.323230460921844,0.0117575150300601,0.0410100200400802,0.00352304609218437,0.00341416165664663,0.196995991983968,0.00337742150968604,0.104467601870407,0.000819639278557114,0.000442885771543086,0.00127588510354041,0.000283233132932532,7.34802939211757e-06,5.3440213760855e-06,9.61923847695391e-05,0.000513026052104208,1.46960587842351e-05,2.00400801603206e-05
ilApoHisp1_SOM,0.277193181818182,0.100612299465241,0.234596256684492,0.0678776737967914,0.0144197860962567,0.00239171122994652,0.0268877005347594,0.262715909090909,0.0043201871657754,0.00453208556149733,0.000565508021390374,0.000493983957219251,0.00153342245989305,0.00149532085561497,0.000161096256684492,0.000102941176470588,4.01069518716578e-05,1.33689839572192e-06,2.00534759358289e-05,3.94385026737968e-05
ilApoLima1_SOM,0.138988706365503,0.0433634496919918,0.21167453798768,0.0388008213552361,0.164282854209446,0.0011611909650924,0.00265503080082136,0.0717407597535934,0.281418891170431,0.00563141683778234,0.024364476386037,0.0124476386036961,0.0025805954825462,0.000220225872689938,0.000153490759753593,1.54004106776181e-05,9.49691991786448e-05,0.000370123203285421,1.3347022587269e-05,2.20739219712526e-05
ilApoLuen1_SOM,0.0403145618127291,0.523879373542153,0.0902742419193602,0.0493708763745418,0.0626457847384205,0.0289180273242253,0.0282289236921026,0.0229833388870377,0.149072309230257,0.00326691102965678,0.000233588803732089,0.000166611129623459,0.000339220259913362,9.39686771076308e-05,5.99800066644452e-06,7.2975674775075e-05,4.19860046651116e-05,7.23092302565811e-05,4.66511162945685e-06,1.43285571476175e-05
ilApoNigr3_SOM,0.107328526645768,0.401248275862069,0.236123510971787,0.0178896551724138,0.0925291536050157,0.0413235109717868,0.00762257053291536,0.0363943573667712,0.0184056426332288,0.00110909090909091,0.000675235109717868,0.0371523510971787,0.000467711598746082,8.4012539184953e-05,0.000124137931034483,2.19435736677116e-05,0.000375548589341693,1.19122257053292e-05,0.00086269592476489,0.000250156739811912
ilApoTurb1_SOM,0.256661901595745,0.251211768617021,0.0383873005319149,0.0684976728723404,0.078001329787234,0.00489328457446809,0.241156582446809,0.00918783244680851,0.00201230053191489,0.000975731382978723,0.00116190159574468,0.00195279255319149,0.0257150930851064,7.18085106382979e-05,2.85904255319149e-05,4.78723404255319e-05,0.000204122340425532,0.0196964760638298,0.000120345744680851,1.52925531914894e-05
ilArcCraa1_SOM,0.147705329153605,0.285808777429467,0.13430368338558,0.0527002351097179,0.0297194357366771,0.0369235893416928,0.0392782131661442,0.0981575235109718,0.148847962382445,0.0201293103448276,0.000434169278996865,0.00497413793103448,0.000255094043887147,0.000369514106583072,1.68495297805643e-05,0.000115987460815047,0.000125391849529781,4.74137931034483e-05,7.40595611285266e-05,1.33228840125392e-05
ilArcXylo1_SOM,0.214406824146982,0.243851049868766,0.126568241469816,0.109832677165354,0.0654862204724409,0.0618779527559055,0.160719816272966,0.00706364829396325,0.00694291338582677,0.000898950131233596,0.000594488188976378,0.000321522309711286,0.000954068241469816,8.66141732283465e-05,1.64041994750656e-05,6.49606299212598e-05,0.000257217847769029,1.44356955380577e-05,6.56167979002625e-06,3.54330708661417e-05
ilAriAges1_SOM,0.0682245169886742,0.19727781479014,0.630991339107262,0.0716895403064624,0.00632578281145903,0.00772085276482345,0.00550832778147901,0.00768287808127915,0.00227248500999334,0.000883411059293804,0.000269153897401732,0.000199866755496336,0.000485676215856096,9.06062624916722e-05,2.33177881412392e-05,2.73151232511659e-05,4.86342438374417e-05,1.79880079946702e-05,0.000121918720852765,0.000138574283810793
ilAriAges2_SOM,0.136543333333333,0.385038,0.00655866666666667,0.010416,0.0220813333333333,0.27735,0.004924,0.00289266666666667,0.003256,0.00328866666666667,0.00363933333333333,0.00497133333333333,0.136368,7.53333333333333e-05,0.000174,0.000158666666666667,0.00138666666666667,2.2e-05,0.000439333333333333,0.000416666666666667
ilAriArta2_SOM,0.244936056838366,0.0892445233866193,0.11886323268206,0.00471047957371226,0.24552279455299,0.130847246891652,0.00472824156305506,0.00461989342806394,0.152349319123742,0.00117465956187093,0.000196566015393724,0.000812314979277679,0.000422143280047365,0.000570751924215512,2.07223208999408e-05,1.06571936056838e-05,0.000230313795145056,0.00056364712847839,0.000119005328596803,5.74304322084073e-05
ilAutPulc1_SOM,0.0200744680851064,0.206763962765957,0.483129654255319,0.125704787234043,0.016188829787234,0.0144215425531915,0.0167759308510638,0.0976136968085106,0.00241090425531915,0.00183577127659574,0.000573803191489362,0.000236037234042553,0.013751329787234,5.45212765957447e-05,0.000152925531914894,3.32446808510638e-05,1.1968085106383e-05,0.000218085106382979,2.72606382978723e-05,2.12765957446808e-05
ilBemIchn1_SOM,0.178216,0.435454,0.22773,0.00953533333333333,0.031996,0.00717533333333333,0.0237326666666667,0.004638,0.078352,0.000833333333333333,0.000833333333333333,0.000420666666666667,0.00025,0.000448666666666667,2.13333333333333e-05,3.8e-05,0.000181333333333333,6.86666666666667e-05,7.33333333333333e-05,2e-06
ilBisBetu1_SOM,0.181681340341656,0.26980223390276,0.0641622864651774,0.0182378449408673,0.0456780551905388,0.0101892247043364,0.13361038107753,0.00841130091984231,0.258298291721419,0.00618002628120894,0.000720762155059133,0.000125492772667543,0.00122864651773982,0.000187910643889619,4.27069645203679e-05,4.92772667542707e-05,0.000732588699080158,0.000448094612352168,7.81865965834428e-05,0.000135348226018397
ilBlaAdus2_SOM,0.28808514386377,0.0660082207868467,0.584980035231944,0.0077110980622431,0.0183664122137405,0.00452730475631239,0.00202759835584263,0.0249976512037581,0.00145096887844979,0.000828537874339401,9.86494421608925e-05,0.000442160892542572,0.000266588373458602,3.46447445684087e-05,5.98943041691133e-05,2.46623605402231e-05,2.81855549031122e-05,7.04638872577804e-06,3.22959483264827e-05,2.29007633587786e-05
ilBlaLact1_SOM,0.249617834394904,0.0557430997876858,0.204930467091295,0.0127160297239915,0.225756900212314,0.0025291932059448,0.00332802547770701,0.0912850318471338,0.00585774946921444,0.000238853503184713,0.000118895966029724,0.000317409766454352,0.000158704883227176,0.000238322717622081,0.146687367303609,0.00016135881104034,0.000117834394904459,3.71549893842887e-05,0.000125265392781316,3.45010615711253e-05
ilBolSele5_SOM,0.0554779874213836,0.20738479130932,0.18942081189251,0.307181246426529,0.0222944539736993,0.166931389365352,0.0258433390508862,0.0180451686678102,0.00160034305317324,0.000764436821040595,0.000300743281875357,0.000630074328187536,0.00347855917667238,0.000119496855345912,6.1177815894797e-05,9.60548885077187e-05,0.000213264722698685,3.71640937678674e-05,3.37335620354488e-05,8.57632933104631e-05
ilCalPalu1_SOM,0.271520537428023,0.141843378119002,0.0420717850287908,0.11143339731286,0.0191001919385797,0.00333973128598848,0.248521689059501,0.0370821497120921,0.106486756238004,0.0145792706333973,0.00016468330134357,0.000131285988483685,0.00275623800383877,0.000365451055662188,0.000128214971209213,6.02687140115163e-05,0.000130518234165067,1.91938579654511e-06,0.000274088291746641,8.44529750479846e-06
ilCamMarg1_SOM,0.228370838881491,0.0690272969374168,0.330669107856192,0.0659980026631158,0.0118475366178429,0.00150732356857523,0.00335352862849534,0.215241677762983,0.0450798934753662,0.0237589880159787,0.000840213049267643,0.00150066577896138,0.000734354194407457,0.000898801597869507,0.000171770972037284,0.000770306258322237,0.000172436750998668,7.98934753661784e-06,4.66045272969374e-05,2.66311584553928e-06
ilCarClav1_SOM,0.0634553928095872,0.242935419440746,0.415561251664447,0.178974700399467,0.0342250332889481,0.00356524633821571,0.00297669773635153,0.0366205059920107,0.0114420772303595,0.00335486018641811,0.000392143808255659,0.00194607190412783,0.00277097203728362,0.000206391478029294,0.000368175765645806,4.0612516644474e-05,0.000969374167776298,1.93075898801598e-05,1.4647137150466e-05,0.000161118508655127
ilCarKade1_SOM,0.201252,0.114159333333333,0.218249333333333,0.024566,0.0541213333333333,0.00587933333333333,0.009568,0.093272,0.253692666666667,0.017258,0.002538,0.000706,0.00282,0.000159333333333333,2.6e-05,1e-05,0.000641333333333333,0.000307333333333333,0.000756666666666667,1.73333333333333e-05
ilCarPala2_SOM,0.258146073903002,0.373479792147806,0.104087759815243,0.0556224018475751,0.0262771362586605,0.0130213625866051,0.0338002309468822,0.0546408775981524,0.0357511547344111,0.00177193995381062,0.014588337182448,0.0116530023094688,0.000523094688221709,0.0156726327944573,6.00461893764434e-05,0.000112009237875289,8.25635103926097e-05,0.000233256351039261,0.00019919168591224,0.000277136258660508
ilCarQuer1_SOM,0.310744170552965,0.1646109260493,0.333274483677548,0.0120666222518321,0.0516155896069287,0.00930246502331779,0.0362238507661559,0.0709706862091939,0.00216922051965356,0.000694203864090606,0.000616255829447035,0.00528114590273151,0.000199866755496336,0.000145236508994004,4.93004663557628e-05,7.66155896069287e-05,0.000515656229180546,0.00100066622251832,0.000413724183877415,2.93137908061292e-05
ilCatFrax1_SOM,0.175995252481657,0.182802330599914,0.0188562796719896,0.0524190763918861,0.0207596029348295,0.00555545964609409,0.219538627535606,0.0164307293914545,0.30448597324126,0.00094605092792404,0.00024946050927924,0.000419939577039275,0.000218817436340095,2.33059991368148e-05,6.90548122572292e-05,0.000615019421665947,0.000154078549848943,6.94864048338369e-05,0.000137678031937851,0.000253776435045317
ilCelArgi3_SOM,0.0365993361782835,0.400783783783784,0.169086770981508,0.0989137031768611,0.12156661925083,0.0354091986723566,0.0346268373636795,0.0443376007586534,0.0568852536747274,0.000791370317686107,0.00030393551446183,0.00030393551446183,0.000171645329540066,3.65101944049312e-05,7.58653390232338e-06,2.08629682313893e-05,2.08629682313893e-05,9.05642484589853e-05,1.51730678046468e-05,2.84495021337127e-05
ilCheLega1_SOM,0.280953488372093,0.194355481727575,0.10378803986711,0.0432179401993356,0.0550252491694352,0.0155428571428571,0.0111813953488372,0.16289634551495,0.0130059800664452,0.00143388704318937,0.000699003322259136,0.00693023255813954,0.107821262458472,0.000136212624584718,5.38205980066445e-05,3.9202657807309e-05,0.00259601328903655,5.4485049833887e-05,9.3687707641196e-05,0.000175415282392027
ilChlSite2_SOM,0.100884684684685,0.351147747747748,0.0866396396396396,0.209255255255255,0.143354954954955,0.00433993993993994,0.0191735735735736,0.0471681681681682,0.00284084084084084,0.00338438438438438,0.00075975975975976,0.00281861861861862,0.0233075075075075,0.000111711711711712,0.000454654654654655,0.000123723723723724,0.00401501501501501,6.84684684684685e-05,5.70570570570571e-05,9.42942942942943e-05
ilChrCulm1_SOM,0.199235662148071,0.167622871046229,0.159691345151199,0.251097323600973,0.0210552659019812,0.00843065693430657,0.161925616962113,0.0177834549878346,0.00400799443865137,0.00113208202989225,0.00100278067431352,0.000261035801181787,0.00167083767813695,6.95168578380257e-05,6.60410149461244e-06,3.44108446298227e-05,3.54535974973931e-05,0.00476259993048314,0.000167883211678832,6.60410149461244e-06
ilCloCurt1_SOM,0.378159546061415,0.236569425901202,0.0196261682242991,0.0280347129506008,0.0344279038718291,0.0036154873164219,0.183268357810414,0.00441455273698264,0.0732256341789052,0.0208825100133511,0.00216221628838451,0.00106875834445928,0.00853404539385848,0.00466355140186916,6.80907877169559e-05,6.8758344459279e-05,0.000582777036048064,0.000546728971962617,3.07076101468625e-05,5.00667556742323e-05
ilColCroc2_SOM,0.209818572195384,0.300915727321524,0.13056038647343,0.0937418142780462,0.0235995705850778,0.0241315083199141,0.0419806763285024,0.126431561996779,0.0151953837895867,0.00524315619967794,0.000456253354804079,0.000223295759527644,0.0265791733762748,0.000341384863123994,7.2463768115942e-05,2.95222758990875e-05,0.00040955448201825,0.000122920021470746,2.84487385936661e-05,0.000118625872249061
ilColFlav1_SOM,0.107867764705882,0.329958117647059,0.188775529411765,0.0346164705882353,0.138681411764706,0.00571341176470588,0.026312,0.0965905882352941,0.0178484705882353,0.00272282352941176,0.000470588235294118,0.0463218823529412,0.000214117647058824,0.000205176470588235,3.24705882352941e-05,0.000207529411764706,0.000372235294117647,0.00307247058823529,1.22352941176471e-05,4.70588235294118e-06
ilConVacc3_SOM,0.0734152641878669,0.521434442270059,0.15646771037182,0.0659960861056751,0.0994457925636008,0.00745362035225049,0.0377037181996086,0.0295299412915851,0.00305518590998043,0.00320039138943249,0.000265362035225049,0.000765949119373777,0.000589823874755382,5.98825831702544e-05,5.20547945205479e-05,8.21917808219178e-06,2.70058708414873e-05,0.000355381604696673,0.000142465753424658,3.17025440313112e-05
ilCosPyra2_SOM,0.158901442307692,0.539343149038462,0.129379807692308,0.0172770432692308,0.0462722355769231,0.00322776442307692,0.0256213942307692,0.0153473557692308,0.0483647836538462,0.00154447115384615,0.00735697115384615,0.00408533653846154,0.00133173076923077,0.000379206730769231,0.000165865384615385,9.43509615384615e-05,0.000603365384615385,0.000186298076923077,0.000337139423076923,0.000180288461538462
ilCosTrap1_SOM,0.034677225741914,0.67050216738913,0.176474491497166,0.0181670556852284,0.0163514504834945,0.00416638879626542,0.0443991330443481,0.030731243747916,0.00145081693897966,0.000540180060020007,0.000235745248416139,0.00149383127709236,0.00021407135711904,0.000117372457485829,9.93664554851617e-05,1.83394464821607e-05,0.000192064021340447,3.26775591863955e-05,1.63387795931977e-05,0.000120040013337779
ilCraLigu1_SOM,0.199494673768309,0.257799600532623,0.298434753661784,0.00914181091877497,0.0920079893475366,0.00441011984021305,0.0236837549933422,0.0970166444740346,0.0148109187749667,0.000300266311584554,0.000839547270306258,0.00059254327563249,0.000122503328894807,0.000254993342210386,4.86018641810919e-05,0.000518641810918775,2.99600532623169e-05,7.85619174434088e-05,0.0001491344873502,0.000264980026631158
ilCroElin1_SOM,0.279422666666667,0.0863533333333333,0.084944,0.148873333333333,0.00712866666666667,0.00128,0.320165333333333,0.0448513333333333,0.014844,0.00583933333333333,0.00395333333333333,0.000533333333333333,0.000862,0.000181333333333333,0.000145333333333333,5.73333333333333e-05,0.000228666666666667,0.000204666666666667,0.000118,1.4e-05
ilCyaSemi1_SOM,0.222361815754339,0.222174232309746,0.394941255006676,0.0141408544726302,0.0282409879839786,0.00543391188251001,0.0103851802403204,0.0943097463284379,0.00298197596795728,0.00199866488651535,0.000666221628838451,0.000995327102803738,0.000262349799732977,7.14285714285714e-05,5.4739652870494e-05,2.93724966622163e-05,0.000191588785046729,0.00028437917222964,0.000357142857142857,0.000118825100133511
ilCybMeso1_SOM,0.174685576077397,0.395602462620932,0.156232629727353,0.0224749340369393,0.0754278803869833,0.0139239226033421,0.00673175021987687,0.0109635004397537,0.109741424802111,0.00631222515391381,0.0028179419525066,0.0143636763412489,0.00401759014951627,0.00613148636763412,0.000181618293755497,9.23482849604222e-06,6.20052770448549e-05,0.000254617414248021,3.56200527704485e-05,2.99032541776605e-05
ilCydAmpl1_SOM,0.225375678610206,0.35099457111835,0.10700542888165,0.0243045602605863,0.0165944625407166,0.00550162866449511,0.113517372421281,0.0353116178067318,0.0222806731813246,0.0589701411509229,0.00043485342019544,0.00218892508143322,0.0354761129207383,0.000138979370249729,0.000290445168295331,0.00040228013029316,3.31161780673181e-05,0.000752985884907709,0.000328447339847991,9.77198697068404e-05
ilCydSple1_SOM,0.675218895542249,0.150178975382568,0.00430472388556221,0.00345508982035928,0.00411244178310047,0.0465575515635396,0.0402854291417166,0.000701929474384564,0.00687624750499002,0.0397192282102462,0.0191536926147705,0.00148436460412508,0.00585429141716567,0.000216899534264804,5.25615435795077e-05,0.000289421157684631,0.000604790419161677,8.98203592814371e-05,0.000528276779773786,0.000315369261477046
ilCydStro1_SOM,0.322186,0.402618,0.0719606666666667,0.0141253333333333,0.076494,0.0226933333333333,0.00973066666666667,0.0736306666666667,0.00373733333333333,0.000396,0.000272666666666667,0.001222,0.00013,0.000208666666666667,1e-04,5.46666666666667e-05,0.000282666666666667,6e-06,0.000124666666666667,2.66666666666667e-05
ilCydStro3_SOM,0.174632245169887,0.249485676215856,0.21544037308461,0.18462691538974,0.0519047301798801,0.014545636242505,0.0500233177881412,0.0417694870086609,0.00636309127248501,0.00283810792804797,0.00115856095936043,0.00221185876082612,0.00428780812791472,3.06462358427715e-05,6.7288474350433e-05,6.26249167221852e-05,0.000353764157228514,0.000138574283810793,5.99600266489007e-06,5.32978014656895e-05
ilDeiPorc1_SOM,0.243086929330832,0.0495984990619137,0.330750469043152,0.0806585365853659,0.00806691682301438,0.00261538461538462,0.0223452157598499,0.0398542839274547,0.216704190118824,0.00436272670419012,0.000210131332082552,0.000252032520325203,0.000549093183239525,0.0006729205753596,2.25140712945591e-05,7.00437773608505e-05,7.37961225766104e-05,2.87679799874922e-05,3.68980612883052e-05,4.0650406504065e-05
ilDiaMend1_SOM,0.12741113490364,0.255156852248394,0.167248394004283,0.0219678800856531,0.0524448608137045,0.00990899357601713,0.0439170235546039,0.273859207708779,0.00222162740899358,0.0223672376873662,0.000321734475374732,0.000258565310492505,0.00189453961456103,0.0203859743040685,1.23126338329764e-05,0.0002296573875803,0.000176124197002141,9.31477516059957e-05,1.87366167023555e-05,0.000105995717344754
ilDiaRubi1_SOM,0.0453857428381079,0.372632911392405,0.00853830779480346,0.174789473684211,0.221999333777482,0.00478947368421053,0.00224850099933378,0.00395003331112592,0.00857894736842105,0.00383011325782811,0.000461692205196536,0.151477015323118,0.000175882744836775,0.0007381745502998,0.000141239173884077,5.99600266489007e-05,2.7981345769487e-05,7.2618254497002e-05,7.92804796802132e-05,2.33177881412392e-05
ilDicOoxx2_SOM,0.138319773257753,0.431426475491831,0.111661220406802,0.0221540513504501,0.0206422140713571,0.0044918306102034,0.113794931643881,0.0389826608869623,0.00220640213404468,0.00216372124041347,0.00176058686228743,0.106997999333111,0.00269223074358119,4.80160053351117e-05,4.96832277425809e-05,7.7025675225075e-05,5.10170056685562e-05,0.000854951650550183,7.03567855951984e-05,0.00155485161720574
ilDilCaer1_SOM,0.100860257126887,0.277465623253214,0.47763778647289,0.0161721632196758,0.0276081609837898,0.00203521520402459,0.00423700391280045,0.00788932364449413,0.00188317495807714,0.0783845723868083,0.000337059809949693,0.00175349357182784,0.000194522079373952,0.00126718837339296,3.57741755170486e-05,0.000321408608160984,0.00136556735606484,0.000119060927892677,0.000387367244270542,4.52766908887647e-05
ilDreFalc1_SOM,0.264118472768108,0.141282425603593,0.0827742841100505,0.128740595171252,0.0100432341381246,0.00309320606400898,0.0841111734980348,0.0410763615946098,0.193408759124088,0.0231875350926446,0.000565974171813588,0.000516002245929253,0.00074564851207187,0.00275350926445817,0.000176305446378439,0.0228405390230208,0.000255474452554745,3.14430095451993e-05,0.000239752947782145,3.93037619314992e-05
ilDryErem1_SOM,0.0647634551495017,0.460184717607973,0.257964119601329,0.14477342192691,0.00844053156146179,0.00722724252491694,0.00445448504983389,0.0420750830564784,0.00426046511627907,0.0023468438538206,0.000360132890365449,0.00227840531561462,0.000269102990033223,0.00012890365448505,0.000101661129568106,5.84717607973422e-05,4.78405315614618e-05,4.31893687707641e-05,0.000133554817275748,8.83720930232558e-05
ilDryLabe1_SOM,0.129996717005909,0.149575837163493,0.395586342744583,0.23792317793828,0.0357669074195666,0.0159993434011819,0.00371306631648063,0.0069376231122784,0.00528759028233749,0.00626263952724885,0.000206172028890348,0.0017774130006566,0.0101812212738017,0.000253447143795141,6.56598818122127e-05,2.36375574523966e-05,0.00012344057780696,7.94484569927774e-05,0.000208141825344714,3.21733420879842e-05
ilDryRufi1_SOM,0.119416111850866,0.22610585885486,0.235808255659121,0.0417996005326232,0.140576564580559,0.00288215712383489,0.00356058588548602,0.00407789613848202,0.0393115845539281,0.166356857523302,0.0171990679094541,0.00180359520639148,0.000587217043941412,0.000139147802929427,9.32090545938748e-05,4.12782956058589e-05,0.000142476697736352,5.72569906790945e-05,2.86284953395473e-05,1.26498002663116e-05
ilEclSila1_SOM,0.201248005319149,0.127269946808511,0.380317819148936,0.179039893617021,0.0152593085106383,0.0116515957446809,0.00963497340425532,0.0644720744680851,0.00746941489361702,0.00133643617021277,0.000211436170212766,0.000293218085106383,0.000774601063829787,6.84840425531915e-05,5.25265957446808e-05,1.1968085106383e-05,0.000523936170212766,2.26063829787234e-05,0.000324468085106383,1.72872340425532e-05
ilEilDepe1_SOM,0.0623712953712954,0.455,0.335566433566434,0.0247372627372627,0.044951714951715,0.0379110889110889,0.00895937395937396,0.0112377622377622,0.0160739260739261,0.000656010656010656,0.000167166167166167,0.00145854145854146,0.000402930402930403,0.000105894105894106,0.000121545121545122,2.76390276390276e-05,0.000186813186813187,1.83150183150183e-05,1.33200133200133e-06,4.4955044955045e-05
ilEilSoro1_SOM,0.167282615949283,0.43482015348682,0.235196196196196,0.0156156156156156,0.01195995995996,0.0517897897897898,0.0475809142475809,0.00766633299966633,0.0243003003003003,0.00221454788121455,0.000253586920253587,0.000462128795462129,0.000293960627293961,0.000178178178178178,0.000134467801134468,4.27093760427094e-05,8.67534200867534e-05,6.57323990657324e-05,1.8018018018018e-05,3.8038038038038e-05
ilEleCory1_SOM,0.342618888144675,0.170713328868051,0.213093101138647,0.0105177494976557,0.140035498995311,0.0142237106496986,0.0369758874748828,0.0144862692565305,0.021707970529136,0.00121701272605492,0.000393168117883456,0.00554387139986604,0.000346282652377763,0.0253697253851306,0.000930341594105827,8.37240455458808e-05,0.000161419959812458,4.21969189551239e-05,0.000341594105827194,0.00119825853985265
ilEleSimi1_SOM,0.0985154894671623,0.428667492771582,0.098754233787691,0.034485336637753,0.210551011978521,0.00372573316811235,0.0884882280049566,0.0090086741016109,0.0177414291615035,0.00401693515076415,0.000306484923585295,0.00269144981412639,0.000441140024783147,0.000251961999173895,0.00195043370508055,0.000110698058653449,0.000111937216026435,0.000122676579925651,3.46964064436183e-05,2.39570425444031e-05
ilEmmMono1_SOM,0.107116760828625,0.424594475831764,0.141613935969868,0.0794369114877589,0.0342749529190207,0.0123841807909605,0.0423659761456372,0.013752040175769,0.086676710608914,0.00570872567482737,0.0474111738857502,0.00187005649717514,0.000868801004394225,0.000640929064657878,9.353421217828e-05,4.33145009416196e-05,2.19711236660389e-05,1.50659133709981e-05,2.32266164469554e-05,0.0010872567482737
